1.533356122672557831e-02 -2.251674188300967216e-03 8.498869836330413818e-03
-1.181108411401510239e-02 -9.008853812702000141e-04 8.400000631809234619e-02
-1.841313391923904419e-02 1.006621588021516800e-02 3.860492259263992310e-02
1.774255372583866119e-02 -1.122769527137279510e-02 5.251360684633255005e-02
-2.097935043275356293e-02 7.815265416866168380e-05 1.456303143640980124e-04
-8.852798491716384888e-03 -1.817824691534042358e-02 2.484170719981193542e-02
9.122783318161964417e-03 1.833632215857505798e-02 5.941719561815261841e-02
-1.131133269518613815e-02 -1.734107919037342072e-02 5.868068709969520569e-02
9.109631180763244629e-03 1.832933537662029266e-02 2.941695973277091980e-02
-1.761084422469139099e-04 2.097935043275356293e-02 1.768454239936545491e-05
-1.158055965788662434e-03 -2.053621970117092133e-02 0.000000000000000000e+00
1.189947593957185745e-02 -1.521139289252460003e-03 7.572308182716369629e-02
-7.111300248652696609e-03 4.783164244145154953e-03 1.884233765304088593e-02
-1.056707929819822311e-02 5.683614406734704971e-03 6.070163473486900330e-02
1.626306585967540741e-02 -1.130133960396051407e-02 2.953348308801651001e-02
-1.295481575652956963e-03 -8.470288477838039398e-03 4.202997311949729919e-02
