4.195325449109077454e-02 1.665638945996761322e-02 4.215515032410621643e-02
-4.784996435046195984e-02 5.960176885128021240e-02 4.847381263971328735e-02
-2.333226986229419708e-02 1.020726049318909645e-03 3.121714340522885323e-03
-1.530765276402235031e-02 3.306199505459517241e-04 9.047110378742218018e-02
1.998697407543659210e-02 8.400000631809234619e-02 6.732982397079467773e-02
1.106855366379022598e-02 5.999997630715370178e-02 -8.064059074968099594e-04
-4.710116237401962280e-02 6.993602961301803589e-03 4.904694482684135437e-02
-1.579697057604789734e-02 5.226329341530799866e-02 8.961737900972366333e-02
2.460948377847671509e-02 2.603996545076370239e-02 8.605365455150604248e-02
2.310342155396938324e-02 1.095743500627577305e-04 2.932199975475668907e-03
-1.416987739503383636e-02 8.351940661668777466e-02 2.892562188208103180e-02
-3.105269372463226318e-02 4.535347223281860352e-02 8.470447733998298645e-03
4.431389272212982178e-02 5.999996140599250793e-02 3.070674836635589600e-02
2.772643929347395897e-03 2.852460928261280060e-02 2.375403046607971191e-02
-1.454311795532703400e-02 2.564120292663574219e-02 6.072887033224105835e-02
-2.035448700189590454e-02 8.377491682767868042e-02 6.702598929405212402e-02
