1.561132073402404785e-02 -2.292462158948183060e-03 1.217724289745092392e-02
-2.094433270394802094e-02 9.532889234833419323e-04 9.512509859632700682e-05
-9.194090962409973145e-03 7.555671501904726028e-03 2.800000086426734924e-02
9.222521330229938030e-04 2.097935043275356293e-02 8.784571036812849343e-06
-9.408689104020595551e-03 -1.848822832107543945e-02 1.713015884160995483e-02
1.070617325603961945e-02 1.804365403950214386e-02 1.983371563255786896e-02
-1.432991935871541500e-03 -8.454778231680393219e-03 0.000000000000000000e+00
5.838907789438962936e-03 -1.039213500916957855e-02 2.800000086426734924e-02
-5.375334061682224274e-03 6.675285752862691879e-03 9.820663370192050934e-03
1.751963980495929718e-02 1.122404355555772781e-02 0.000000000000000000e+00
-2.035855501890182495e-02 -1.316570909693837166e-03 1.758614368736743927e-02
9.365568868815898895e-03 -1.846822723746299744e-02 9.453383274376392365e-03
1.056047808378934860e-02 4.582038149237632751e-03 2.800000086426734924e-02
-8.948323316872119904e-03 -7.713971659541130066e-03 2.800000086426734924e-02
-1.012773718684911728e-02 1.837761513888835907e-02 1.779915019869804382e-02
1.772228814661502838e-02 -1.046848297119140625e-02 0.000000000000000000e+00
