4.118509218096733093e-02 1.203684601932764053e-03 4.737084358930587769e-02
-4.790779948234558105e-02 2.000031992793083191e-02 4.239622130990028381e-02
-4.001134075224399567e-03 -8.965588147877490203e-18 -2.808516379445791245e-03
-6.142984144389629364e-03 3.494608972687274218e-05 9.249766170978546143e-02
1.214685011655092239e-02 2.789414674043655396e-02 2.735456079244613647e-02
1.652813330292701721e-02 2.783751115202903748e-02 7.002927362918853760e-02
3.250578045845031738e-02 -7.757888737118431291e-18 1.006157882511615753e-02
-1.858235336840152740e-02 2.489466641517647306e-18 5.621156096458435059e-02
-3.066875040531158447e-02 2.000020071864128113e-02 1.044230163097381592e-02
-3.304518014192581177e-02 1.984709501266479492e-02 7.980716228485107422e-02
3.213632851839065552e-02 8.726821636883446212e-18 7.996366918087005615e-02
-1.106065697968006134e-02 3.036157460883259773e-03 2.665397152304649353e-02
-2.108335681259632111e-02 2.800000086426734924e-02 4.909395426511764526e-02
8.485233411192893982e-03 1.011022050079191104e-05 6.467055529356002808e-02
4.267730563879013062e-02 1.999980024993419647e-02 2.677405998110771179e-02
1.618796214461326599e-02 1.999992877244949341e-02 -1.363327173748984933e-04
