4.122061654925346375e-02 2.776863286271691322e-03 2.472428232431411743e-02
-4.798725992441177368e-02 -4.662819555960595608e-04 8.111584931612014771e-03
-3.959072753787040710e-03 -4.783546179533004761e-02 2.793266996741294861e-02
-3.804100444540381432e-03 4.765710979700088501e-02 8.639810606837272644e-03
1.195643376559019089e-02 -1.810690760612487793e-02 2.217455948500250271e-18
-1.647525466978549957e-02 1.444931235164403915e-02 2.800000086426734924e-02
3.269159048795700073e-02 -3.513757884502410889e-02 2.753271721303462982e-02
3.182267397642135620e-02 3.512300550937652588e-02 8.000000379979610443e-03
-3.274646028876304626e-02 -3.446062281727790833e-02 8.000000379979610443e-03
-3.253775835037231445e-02 3.369914740324020386e-02 8.000000379979610443e-03
-1.392274908721446991e-02 -1.753997243940830231e-02 2.800000086426734924e-02
1.493993494659662247e-02 1.861429773271083832e-02 2.800000086426734924e-02
-1.992822438478469849e-02 -7.859098725020885468e-03 3.592172288335859776e-05
4.999891854822635651e-03 2.101350016891956329e-02 -2.573412032006825629e-18
2.831051684916019440e-02 5.382457282394170761e-03 -6.591608947966893271e-19
-4.425978660583496094e-02 1.847366988658905029e-02 2.788897417485713959e-02
