1.462650392204523087e-02 -6.043924484401941299e-03 1.766576804220676422e-02
-1.190376095473766327e-02 -8.400000631809234619e-02 1.780971139669418335e-02
-2.029835060238838196e-02 -3.772673755884170532e-02 2.290169335901737213e-02
2.091028168797492981e-02 -5.379321798682212830e-02 1.898757927119731903e-02
-2.097772434353828430e-02 -4.049136987305246294e-05 1.837127469480037689e-02
3.083461429923772812e-03 -3.262741863727569580e-02 -2.688604407012462616e-03
7.366077043116092682e-03 -3.044674545526504517e-02 3.704643622040748596e-02
-4.245950840413570404e-03 -6.000024825334548950e-02 3.852538764476776123e-02
-8.249654434621334076e-03 -5.999903008341789246e-02 4.723169695353135467e-05
-2.983295591548085213e-03 -4.201284609735012054e-03 3.824630379676818848e-02
-9.425789467059075832e-04 -4.418030221131630242e-05 -2.933066105470061302e-03
1.195192616432905197e-02 -7.709147781133651733e-02 1.904580928385257721e-02
-7.450874429196119308e-03 -1.924100145697593689e-02 1.376776490360498428e-02
2.044816687703132629e-02 -2.861281484365463257e-02 1.785612106323242188e-02
-1.853329315781593323e-02 -5.980459228157997131e-02 2.292095124721527100e-02
1.125126890838146210e-02 -5.169452354311943054e-02 3.985621151514351368e-04
