1.714986562728881836e-02 -1.592173590324819088e-03 1.916953735053539276e-02
-2.421735413372516632e-02 -2.016571536660194397e-02 2.618066594004631042e-02
-3.592466935515403748e-03 -2.020002715289592743e-02 -3.144570626318454742e-03
4.645059350878000259e-03 -2.019722387194633484e-02 4.541515931487083435e-02
1.011676341295242310e-02 -2.827652171254158020e-02 1.939918473362922668e-02
-1.931466348469257355e-02 -2.048277674475684762e-04 7.812192197889089584e-03
-1.299082301557064056e-02 3.448037863339516727e-18 4.090600833296775818e-02
1.318324450403451920e-02 3.398134677369651982e-18 4.144108667969703674e-02
2.162138465791940689e-03 -4.841747032804600079e-18 2.794673666357994080e-03
1.692837104201316833e-02 -1.572974026203155518e-02 3.169391071423888206e-03
-9.652862325310707092e-03 -2.827652171254158020e-02 1.420926395803689957e-02
2.340972796082496643e-02 -1.751753129065036774e-02 2.915296144783496857e-02
-5.812921095639467239e-03 -1.439931429922580719e-02 2.946429885923862457e-02
-1.320474222302436829e-02 5.881511615217683898e-19 2.385619096457958221e-02
-5.607988685369491577e-03 -1.144854538142681122e-02 1.280979905277490616e-02
-1.767254993319511414e-02 -1.673866249620914459e-02 3.907892853021621704e-03
