4.123538732528686523e-02 2.777858404442667961e-03 3.228222951292991638e-02
-4.711737111210823059e-02 -9.126218967139720917e-03 8.400000631809234619e-02
-2.979811094701290131e-02 -3.099375870078802109e-03 3.795639732852036212e-19
4.950144328176975250e-03 4.773129895329475403e-02 8.286181837320327759e-02
1.599092781543731689e-02 -4.446982219815254211e-02 8.159737288951873779e-02
-5.259338766336441040e-03 4.595263302326202393e-02 2.400000020861625671e-02
3.357259789481759071e-03 -4.561897739768028259e-02 2.400000020861625671e-02
4.370020329952239990e-02 1.161888334900140762e-02 8.400000631809234619e-02
-4.373482614755630493e-02 1.975112035870552063e-02 4.217814654111862183e-02
-3.866683319211006165e-02 -2.842046879231929779e-02 4.105888679623603821e-02
1.481780689209699631e-02 1.547399442642927170e-02 3.807117755059152842e-04
9.149280376732349396e-03 1.937046833336353302e-02 5.309553444385528564e-02
-3.022588416934013367e-02 2.803467400372028351e-02 8.042165637016296387e-02
-2.409464493393898010e-02 -4.149985685944557190e-02 7.778898626565933228e-02
3.224975988268852234e-02 -3.283311054110527039e-02 4.800027981400489807e-02
-3.201714484021067619e-03 -2.118129655718803406e-02 5.362899228930473328e-02
